19,2
19,1
9,245
19,5
9,244
20,2
20,1
9,243
20,5
14,7
9,242
14,6
14,1
9,241
14,9
14,2
9,240
14,5
9,239
21,7
21,6
9,238
21,2
21,1
9,237
21,5
9,236
15,7
15,6
9,235
15,1
15,9
9,234
15,2
9,233
15,5
9,232
17,8
17,7
9,231
17,6
9,230
17,2
17,1
9,229
17,5
18,7
9,228
18,6
18,2
9,227
18,1
9,226
18,5
9,225
13,129
9,224
13,49
9,223
13,45
9,222
13,25
9,221
9,220
13,8
13,132
9,219
13,22
9,218
13,63
9,217
13,58
9,216
13,31
9,215
13,21
9,214
13,7
9,213
9,212
13,9
13,131
9,211
9,210
13,62
13,39
9,209
13,6
9,208
13,76
9,207
9,206
13,47
13,15
9,205
13,54
9,63
13,57
9,62
13,13
9,61
13,1
9,60
13,29
9,59
13,2
9,58
9,57
13,5
16,8
16,1
16,6
16,2
16,5
9,54
9,50
9,43
9,42
9,31
9,1
8,7
8,6
8,5
8,2
8,1
6,6
6,5
6,2
6,1
5,6
5,5
5,2
5,1
2,5
2,2
2,1
0,510
0,508
0,364
0,340
0,308
0,305
0,10
0,311
0,310
0,0
0,307
0,306
0,13
0,339
0,11
0,9
76,34
76,33
76,32
76,31
76,30
76,29
76,28
76,27
76,26
76,25
76,24
76,23
76,22
76,21
76,20
76,19
76,18
76,17
76,16
76,15
76,14
76,13
76,12
76,11
76,10
76,9
76,8
